bach_bwv8491_v1-0 0 143 255 360 472 590 707
bach_bwv8491_v1-1 0 108 200 300 410 497 602 703
bach_bwv8491_v2-0 0 597 1050 1550 2060 2574
bach_bwv8491_v2-1 0 599 1150 1600 2183 2742
bach_bwv8492_v1-0 0 178 311 445 578 716
bach_bwv8492_v1-1 0 114 228 348 468 591 708
bach_bwv8492_v1-2 0 119 242 360 478 592 706
bach_bwv8492_v1-3 0 114 234 353 476 595 700
bach_bwv8492_v2-0 0 406 793 1150 1550 1900 2313 2729
bach_bwv8492_v2-1 0 400 826 1200 1604 2000 2367 2796
bach_bwv871_v1-0 0 218 348 469 594 781
bach_bwv871_v1-1 0 146 263 390 540
bach_bwv871_v2-0 0 500 1100 1600 2144 2754
bach_bwv871_v2-1 0 480 1147 1665 2203 2775
bach_bwv871_v3-0 0 172 308 445 586 713
bach_bwv871_v3-1 0 143 283 428 578 718
brahms_op10no1_v1-0 0 216 359 502 644 785
brahms_op10no1_v1-1 0 149 303 461 617 779
brahms_op10no1_v1-2 0 128 265 391 523 649 779
brahms_op10no1_v2-0 0 250 363 495 610 739
brahms_op10no1_v2-1 0 152 300 450 588 745
brahms_op10no1_v2-2 0 140 297 448 593 746
brahms_op10no1_v3-0 0 275 415 561 704 862
brahms_op10no1_v3-1 0 195 335 465 585 725 868
brahms_op10no1_v3-2 0 190 340 460 580 715 865
brahms_op10no1_v4-0 0 250 367 500 620 760
brahms_op10no1_v4-1 0 160 324 462 610 765
brahms_op10no1_v4-2 0 137 300 460 609 767
brahms_op10no1_v5-0 0 207 338 468 596 718
brahms_op10no1_v5-1 0 123 238 363 470 585 709
brahms_op10no1_v5-2 0 113 234 352 475 593 711
brahms_op116no6_v1-0 43 162 300 425 565 675 790
brahms_op116no6_v1-1 0 125 250 375 510 632 784
brahms_op116no6_v2-0 75 200 335 460 600 734
brahms_op116no6_v2-1 0 143 278 423 571 742
brahms_op116no6_v2-2 0 147 290 434 576 743
brahms_op117no2_v1-0 85 205 330 461 593 710
brahms_op117no2_v1-1 20 163 303 434 575 710
brahms_op117no2_v1-2 20 167 304 437 566 711
brahms_op117no2_v1-3 15 153 283 424 568 719
brahms_op117no2_v2-0 45 179 325 475 630 787
brahms_op117no2_v2-1 0 157 307 459 612 770
brahms_op117no2_v2-2 0 160 312 465 617 785
brahms_op117no2_v2-3 0 162 311 466 617 777
brahms_op117no2_v2-4 0 160 320 466 617 780
brahms_op117no2_v3-0 60 183 317 456 596 743
brahms_op117no2_v3-1 0 146 301 437 588 744
brahms_op117no2_v3-2 0 152 299 444 587 748
brahms_op117no2_v3-3 0 142 282 432 588 748
brahms_op117no2_v4-0 50 176 310 452 597 724
brahms_op117no2_v4-1 0 154 296 447 592 733
brahms_op117no2_v4-2 0 143 287 434 583 712
brahms_op117no2_v4-3 0 150 290 440 585 725
brahms_op117no2_v4-4 0 152 303 445 590 755
chopin_op30no2_v1-0 35 143 253 366 485 602 721
chopin_op30no2_v1-1 0 112 223 338 459 581 690
chopin_op30no2_v2-0 53 159 279 401 530 657 785
chopin_op30no2_v2-1 0 132 255 383 517 651 776
chopin_op30no2_v3-0 295 434 559 686 810
chopin_op30no2_v3-1 0 145 278 410 543 678 818
chopin_op30no2_v4-0 146 282 408 538 664 775
chopin_op30no2_v4-1 0 108 217 327 450
chopin_op30no2_v5-0 20 172 317 463 608 750
chopin_op30no2_v5-1 0 163 307 454 603 750
chopin_op30no2_v6-0 341 450 554 657 769
chopin_op30no2_v6-1 0 125 231 332 433 545 660 765
chopin_op63no3_v1-0 45 150 262 382 501 618 727
chopin_op63no3_v1-1 0 110 226 340 457 572 714
chopin_op63no3_v2-0 40 150 265 390 512 631 760
chopin_op63no3_v2-1 0 141 264 381 495 620 767
chopin_op63no3_v3-0 55 174 299 426 552 678 821
chopin_op63no3_v3-1 0 141 271 402 533 670 823
chopin_op63no3_v4-0 55 170 300 431 560 691 836
chopin_op63no3_v4-1 0 160 280 390 540 675 824
chopin_op63no3_v5-0 501 600 685 787
chopin_op63no3_v5-1 0 116 227 337 441 543 655 785
chopin_op63no3_v6-0 60 210 350 490 640 771
chopin_op63no3_v6-1 0 130 259 385 508 636 772
chopin_op68no3_v1-0 50 175 290 400 510 625 725
chopin_op68no3_v1-1 0 115 230 352 468 580 696
chopin_op68no3_v2-0 55 180 315 425 540 650 779
chopin_op68no3_v2-1 0 140 265 390 517 640 764
chopin_op68no3_v3-0 115 259 395 536 673 810
chopin_op68no3_v3-1 0 174 334 494 655 817
chopin_op68no3_v4-0 375 499 613 724 839
chopin_op68no3_v4-1 0 140 279 413 552 688 831
chopin_op68no3_v5-0 0 122 230 339 449 557 669 766
chopin_op68no3_v5-1 0 119
chopin_op68no3_v6-0 45 161 282 402 522 642 769
chopin_op68no3_v6-1 0 134 259 384 508 633 768
clementi_op36no1mv3_v1-0 620 740
clementi_op36no1mv3_v1-1 0 105 205 317 419 516 618 736
clementi_op36no1mv3_v2-0 620 746
clementi_op36no1mv3_v2-1 0 101 200 310 414 519 620 740
clementi_op36no2mv3_v1-0 0 104 207 307 410 515 619 739
clementi_op36no2mv3_v1-1 0 98 209 312 413 521 622 724
clementi_op36no2mv3_v2-0 0 99 206 311 415 520 625 743
clementi_op36no2mv3_v2-1 0 110 217 328 431 535 639 755
clementi_op36no3mv3_v1-0 325 420 524 630 747
clementi_op36no3mv3_v1-1 0 97 205 300 408 521 634 746
clementi_op36no3mv3_v2-0 323 429 535 630 743
clementi_op36no3mv3_v2-1 0 96 208 310 413 518 633 743
debussy_childrencorner1_v1-0 62 185 352 508 644
debussy_childrencorner1_v1-1 0 130 274 404 545 663
debussy_childrencorner1_v1-2 0 130 260 400 540 662
debussy_childrencorner1_v1-3 0 133 274 401 540 665
debussy_childrencorner1_v1-4 0 115 245 390 528 660
debussy_childrencorner1_v2-0 130 240 370 500 640 775
debussy_childrencorner1_v2-1 0 148 300 448 597 744
debussy_childrencorner1_v2-2 0 154 300 460 600 762
debussy_childrencorner1_v2-3 0 163 315 462 614 769
debussy_childrencorner1_v2-4 0 152 302 457 612 765
debussy_childrencorner1_v3-0 66 200 380 560 750
debussy_childrencorner1_v3-1 0 149 310 458 611 745
debussy_childrencorner1_v3-2 0 152 311 468 626 778
debussy_childrencorner1_v3-3 0 156 311 467 623 771
debussy_childrencorner1_v3-4 0 135 286 449 610 758
debussy_childrencorner3_v1-0 42 168 319 469 633
debussy_childrencorner3_v1-1 0 117 249 393 532 659
debussy_childrencorner3_v1-2 0 119 250 390 527 662
debussy_childrencorner3_v1-3 0 127 258 407 550 660
debussy_childrencorner3_v1-4 0 132 265 401 543 657
debussy_childrencorner3_v1-5 0 123 256 412 540 661
debussy_childrencorner3_v2-0 66 200 320 450 600 745
debussy_childrencorner3_v2-1 0 130 255 380 507 636 771
debussy_childrencorner3_v2-2 0 136 257 377 507 635 766
debussy_childrencorner3_v2-3 0 134 257 379 502 627 766
debussy_childrencorner3_v3-0 115 265 420 570 730
debussy_childrencorner3_v3-1 0 170 320 460 620 760
debussy_childrencorner3_v3-2 0 158 308 461 609 757
debussy_childrencorner3_v3-3 0 162 313 464 618 740
debussy_childrencorner3_v3-4 0 166 313 463 618 749
debussy_childrencorner3_v3-5 0 157 300 445 595 738
debussy_childrencorner6_v1-0 30 149 278 406 532 650
debussy_childrencorner6_v1-1 0 122 258 397 541 657
debussy_childrencorner6_v1-2 0 118 258 400 544 655
debussy_childrencorner6_v1-3 0 125 268 406 535 658
debussy_childrencorner6_v1-4 0 129 268 412 552 680
debussy_childrencorner6_v2-0 60 192 333 474 615 770
debussy_childrencorner6_v2-1 0 160 310 460 610 760
debussy_childrencorner6_v2-2 0 127 281 431 590 747
debussy_childrencorner6_v2-3 0 160 313 460 603 765
debussy_childrencorner6_v2-4 0 174 323 470 614 770
debussy_childrencorner6_v3-0 90 210 340 480 610 765
debussy_childrencorner6_v3-1 0 156 307 461 610 746
debussy_childrencorner6_v3-2 0 155 307 452 601 737
debussy_childrencorner6_v3-3 0 174 322 465 610 743
debussy_childrencorner6_v3-4 0 171 313 463 612 757
lizst_etude3_v1-0 0 265 430 580 751
lizst_etude3_v1-1 0 190 369 555 745
lizst_etude3_v1-10 0 197 372 566 758
lizst_etude3_v1-11 0 199 370 549 751
lizst_etude3_v1-12 0 190 368 549 755
lizst_etude3_v1-13 0 198 378 558 754
lizst_etude3_v1-14 0 196 374 557 754
lizst_etude3_v1-2 0 197 380 564 758
lizst_etude3_v1-3 0 173 370 550 699
lizst_etude3_v1-4 0 194 372 547 752
lizst_etude3_v1-5 0 199 381 561 756
lizst_etude3_v1-6 0 180 360 534 749
lizst_etude3_v1-7 0 190 377 566 757
lizst_etude3_v1-8 0 174 350 538 759
lizst_etude3_v1-9 0 195 380 555 750
lizst_etude3_v2-0 0 178 308 436 564 698
lizst_etude3_v2-1 0 139 260 405 556 684
lizst_etude3_v2-2 0 138 252 369 500 610 705
lizst_etude3_v2-3 0 145 277 420 552 693
lizst_etude3_v2-4 0 137 295 428 570 698
lizst_etude3_v2-5 0 139 281 415 570 717
lizst_etude3_v2-6 0 141 284 428 571 711
lizst_etude3_v2-7 0 145 281 416 560 719
lizst_etude3_v2-8 0 147 290 431 571 696
lizst_etude3_v3-0 0 278 440 602 786
lizst_etude3_v3-1 0 227 379 527 676 851
lizst_etude3_v3-10 0 217 394 569 780
lizst_etude3_v3-11 0 294 466 645 865
lizst_etude3_v3-2 0 272 458 626 853
lizst_etude3_v3-3 0 220 380 530 675 841
lizst_etude3_v3-4 0 223 355 527 682 844
lizst_etude3_v3-5 0 165 330 471 610 799
lizst_etude3_v3-6 0 200 400 580 795
lizst_etude3_v3-7 0 285 463 645 845
lizst_etude3_v3-8 0 271 450 626 843
lizst_etude3_v3-9 0 215 400 583 800
lizst_etude3_v4-0 227 381 529 679 836
lizst_etude3_v4-1 0 165 345 526 711
lizst_etude3_v4-10 0 250 390 520 670 871
lizst_etude3_v4-11 0 242 377 529 672 869
lizst_etude3_v4-12 0 273 415 562 706 907
lizst_etude3_v4-2 0 159 300 445 595 751
lizst_etude3_v4-3 0 305 460 659 850
lizst_etude3_v4-4 0 289 465 618 837
lizst_etude3_v4-5 0 269 445 623 833
lizst_etude3_v4-6 0 251 400 546 668 844
lizst_etude3_v4-7 0 238 395 546 687 841
lizst_etude3_v4-8 0 295 472 646 840
lizst_etude3_v4-9 0 201 375 556 752
lizst_etude3_v5-0 0 260 400 550 715
lizst_etude3_v5-1 0 197 379 556 747
lizst_etude3_v5-10 0 173 317 455 602 753
lizst_etude3_v5-11 0 167 298 452 599 756
lizst_etude3_v5-12 0 171 318 462 608 757
lizst_etude3_v5-2 0 148 289 435 587 736
lizst_etude3_v5-3 0 199 377 556 746
lizst_etude3_v5-4 0 149 329 503 699
lizst_etude3_v5-5 0 201 380 556 749
lizst_etude3_v5-6 0 148 291 444 568 731
lizst_etude3_v5-7 0 150 288 445 592 739
lizst_etude3_v5-8 0 159 354 530 724
lizst_etude3_v5-9 0 204 378 559 754
lizst_etude3_v6-0 249 450 627 830 1162
lizst_etude3_v6-1 0 289 499 684 866 1193
lizst_etude3_v6-10 0 350 575 800 1162
lizst_etude3_v6-11 0 380 600 800 1193
lizst_etude3_v6-2 0 343 580 800 1162
lizst_etude3_v6-3 0 320 520 690 868 1193
lizst_etude3_v6-4 0 310 480 670 830 1162
lizst_etude3_v6-5 0 310 500 665 850 1193
lizst_etude3_v6-6 0 354 588 803 1162
lizst_etude3_v6-7 0 400 600 800 1193
lizst_etude3_v6-8 0 360 582 800 1000
lizst_etude3_v6-9 0 347 600 800 1193
lizst_etude3_v7-0 0 230 400 580 773
lizst_etude3_v7-1 0 168 314 471 622 775
lizst_etude3_v7-10 0 143 295 442 598 774
lizst_etude3_v7-11 0 154 305 456 608 777
lizst_etude3_v7-2 0 156 311 471 627 775
lizst_etude3_v7-3 0 164 300 462 610 775
lizst_etude3_v7-4 0 154 304 452 612 775
lizst_etude3_v7-5 0 160 325 480 635 778
lizst_etude3_v7-6 0 160 306 452 612 778
lizst_etude3_v7-7 0 166 314 457 606 775
lizst_etude3_v7-8 0 165 321 474 615 770
lizst_etude3_v7-9 0 170 328 477 627 776
lizst_s161no7_v1-0 0 650 1125 1600 2002
lizst_s161no7_v1-1 0 500 1000 1450 1850 2386
lizst_s161no7_v1-10 0 500 900 1379 1853 2371
lizst_s161no7_v1-11 0 530 952 1421 1887 2317
lizst_s161no7_v1-12 0 500 1264 1750 2273
lizst_s161no7_v1-13 0 500 950 1401 1900 2362
lizst_s161no7_v1-14 0 475 866 1320 1775 2212
lizst_s161no7_v1-15 0 474 950 1373 1898 2359
lizst_s161no7_v1-16 0 427 952 1390 1901 2350
lizst_s161no7_v1-17 0 473 953 1414 1904 2380
lizst_s161no7_v1-18 0 458 901 1360 1860 2311
lizst_s161no7_v1-19 0 456 907 1408 1887 2316
lizst_s161no7_v1-2 0 519 1000 1382 1900 2370
lizst_s161no7_v1-20 0 490 911 1433 1906 2321
lizst_s161no7_v1-21 0 500 1000 1400 1885 2345
lizst_s161no7_v1-22 0 487 950 1450 1854 2365
lizst_s161no7_v1-23 0 490 930 1388 1864 2329
lizst_s161no7_v1-3 0 465 980 1409 1844 2342
lizst_s161no7_v1-4 0 440 936 1421 1887 2363
lizst_s161no7_v1-5 0 500 950 1468 1850 2295
lizst_s161no7_v1-6 0 451 858 1366 1807 2341
lizst_s161no7_v1-7 0 475 957 1379 1822 2304
lizst_s161no7_v1-8 0 539 1000 1450 1899 2328
lizst_s161no7_v1-9 0 500 960 1414 1872 2325
lizst_s161no7_v2-0 0 270 400 570 737
lizst_s161no7_v2-1 0 216 385 554 745
lizst_s161no7_v2-10 0 161 290 440 586 735
lizst_s161no7_v2-11 0 172 315 438 590 740
lizst_s161no7_v2-12 0 164 303 444 579 732
lizst_s161no7_v2-13 0 192 332 472 610 757
lizst_s161no7_v2-14 0 171 317 450 588 741
lizst_s161no7_v2-15 0 200 329 471 614 763
lizst_s161no7_v2-16 0 171 302 450 570 718
lizst_s161no7_v2-17 0 193 336 480 610 747
lizst_s161no7_v2-18 0 162 288 449 570 724
lizst_s161no7_v2-19 0 165 307 456 583 741
lizst_s161no7_v2-2 0 166 303 438 580 729
lizst_s161no7_v2-20 0 193 370 547 734
lizst_s161no7_v2-21 0 228 410 599 782
lizst_s161no7_v2-22 0 190 348 515 705
lizst_s161no7_v2-23 0 224 400 574 767
lizst_s161no7_v2-3 0 164 301 440 582 741
lizst_s161no7_v2-4 0 164 302 439 585 732
lizst_s161no7_v2-5 0 159 306 499 570 725
lizst_s161no7_v2-6 0 160 291 453 587 746
lizst_s161no7_v2-7 0 186 327 464 605 754
lizst_s161no7_v2-8 0 162 297 438 577 732
lizst_s161no7_v2-9 0 185 318 455 605 748
lizst_s161no7_v3-0 0 220 338 464 588 712
lizst_s161no7_v3-1 0 115 230 353 487 610 745
lizst_s161no7_v3-10 0 160 303 442 578 728
lizst_s161no7_v3-11 0 200 315 450 590 730
lizst_s161no7_v3-12 0 120 220 339 460 576 732
lizst_s161no7_v3-13 0 155 298 446 588 733
lizst_s161no7_v3-14 0 134 269 411 542 719
lizst_s161no7_v3-15 0 130 250 349 480 600 735
lizst_s161no7_v3-16 0 107 230 355 477 596 708
lizst_s161no7_v3-17 0 135 281 417 563 734
lizst_s161no7_v3-18 0 136 267 425 570 724
lizst_s161no7_v3-19 0 150 300 440 580 726
lizst_s161no7_v3-2 0 136 268 406 530 630 735
lizst_s161no7_v3-20 0 150 305 446 583 732
lizst_s161no7_v3-21 0 140 282 435 584 727
lizst_s161no7_v3-3 0 143 280 437 742
lizst_s161no7_v3-4 0 116 257 403 543 718
lizst_s161no7_v3-5 0 125 264 406 541 717
lizst_s161no7_v3-6 0 125 260 405 565 724
lizst_s161no7_v3-7 0 131 279 420 554 732
lizst_s161no7_v3-8 0 139 282 424 575 727
lizst_s161no7_v3-9 0 141 270 418 558 732
lizst_s541no3_v1-0 0 203 345 450 580 705
lizst_s541no3_v1-1 0 159 286 417 556 699
lizst_s541no3_v1-2 0 155 274 400 550 694
lizst_s541no3_v1-3 0 150 290 421 560 702
lizst_s541no3_v1-4 0 170 308 425 550 695
lizst_s541no3_v1-5 0 160 290 415 550 698
lizst_s541no3_v2-0 0 192 331 466 589 717
lizst_s541no3_v2-1 0 133 279 437 597 714
lizst_s541no3_v2-2 0 150 280 421 583 720
lizst_s541no3_v2-3 0 150 295 445 595 730
lizst_s541no3_v2-4 0 145 299 429 593 719
lizst_s541no3_v2-5 0 132 281 443 588 772
lizst_s541no3_v3-0 0 213 339 469 600 717
lizst_s541no3_v3-1 0 147 300 450 598 732
lizst_s541no3_v3-2 0 144 294 444 588 724
lizst_s541no3_v3-3 0 150 308 461 607 752
lizst_s541no3_v3-4 0 149 300 448 597 730
lizst_s541no3_v3-5 0 138 287 438 584 712
lizst_s541no3_v4-0 0 115 207 310 415 515 607
lizst_s541no3_v4-1 0 101 175 260 348 520 636
lizst_s541no3_v4-2 0 98 190 290 380 465 617
lizst_s541no3_v4-3 0 106 200 300 405 500
lizst_s541no3_v5-0 0 320 473 600 750 965
lizst_s541no3_v5-1 0 220 383 522 680 890
lizst_s541no3_v5-2 0 305 467 600 726 958
lizst_s541no3_v5-3 0 231 370 520 685 894
lizst_s541no3_v5-4 0 214 381 535 690 896
lizst_s541no3_v5-5 0 240 380 540 680 895
lizst_s541no3_v6-0 0 250 395 503 652 786
lizst_s541no3_v6-1 0 158 315 474 650 783
lizst_s541no3_v6-2 0 163 300 450 605 783
lizst_s541no3_v6-3 0 170 323 468 621 778
lizst_s541no3_v6-4 0 167 324 459 613 781
lizst_s541no3_v6-5 0 165 320 477 618 779
lizst_s541no3_v7-0 0 270 410 554 700 927
lizst_s541no3_v7-1 0 206 380 520 700 914
lizst_s541no3_v7-2 0 224 379 543 705 911
lizst_s541no3_v7-3 0 232 390 550 707 914
lizst_s541no3_v7-4 0 242 403 545 701 913
lizst_s541no3_v7-5 0 227 398 550 700 916
mendelssohn_op19no2_v1-0 0 112 209 313 413 515 615 716
mendelssohn_op19no2_v1-1 0 90 193 290 395 500 603 714
mendelssohn_op19no2_v2-0 500 720 950 1200 1455 1726
mendelssohn_op19no2_v2-1 0 260 500 750 1000 1260 1500 1770
mendelssohn_op19no2_v3-0 205 300 400 500 600 720
mendelssohn_op19no2_v3-1 0 90 190 285 390 489 600 706
mendelssohn_op19no2_v4-0 200 300 384 479 575 660 756
mendelssohn_op19no2_v4-1 0 90 170 255 340 444 540 642
mendelssohn_op19no2_v5-0 175 260 335 415 500 580 658
mendelssohn_op19no2_v5-1 0 80 155 230 305 392 470 565
mendelssohn_op62no3_v1-0 187 320 475 612 724
mendelssohn_op62no3_v1-1 0 115 235 350 470 580 717
mendelssohn_op62no3_v2-0 1175 1440 1770
mendelssohn_op62no3_v2-1 0 308 572 853 1136 1450 1739
mendelssohn_op62no3_v3-0 555 665 767
mendelssohn_op62no3_v3-1 0 119 226 332 435 540 645 765
mendelssohn_op62no5_v1-0 45 175 300 450 587 718
mendelssohn_op62no5_v1-1 0 131 250 365 485 600 727
mendelssohn_op62no5_v1-2 0 112 230
mendelssohn_op62no5_v2-0 85 321 600 870 1184 1452 1729
mendelssohn_op62no5_v2-1 0 311 592 880 1157 1446 1771
mendelssohn_op62no5_v3-0 154 271 388 500 631 757
mendelssohn_op62no5_v3-1 0 120 230 330 430 540 660 762
mozart_kv311mv3_v1-0 25 125 231 330 425 528 640
mozart_kv311mv3_v1-1 0 110 234 349 469 575 675
mozart_kv311mv3_v1-2 0 110 230 346 466 610 714
mozart_kv311mv3_v1-3 0 90 190 290 388 490 590 690
mozart_kv311mv3_v1-4 0 100 200 300 400 495 600 700
mozart_kv311mv3_v1-5 0 100 220 320 428 531 630
mozart_kv311mv3_v1-6 0 114 229 352 466 585 711
mozart_kv311mv3_v1-7 0 131 246 364 479 600 710
mozart_kv311mv3_v1-8 0 105 220 339 462 586 699
mozart_kv311mv3_v2-0 428 559 685 821
mozart_kv311mv3_v2-1 0 148 281 415 545 675 818
mozart_kv311mv3_v2-2 0 120 240 356 465 580 700 820
mozart_kv311mv3_v2-3 0 152 283 414 543 672 813
mozart_kv311mv3_v2-4 0 126 244 357 471 587 704 822
mozart_kv311mv3_v2-5 0 120 228 340 460 573 685 805
mozart_kv311mv3_v2-6 0 130 240 362 470 578 696 820
mozart_kv311mv3_v2-7 0 122 235 345 445 550 680 816
mozart_kv311mv3_v3-0 25 142 267 384 515 651 766
mozart_kv311mv3_v3-1 0 133 259 385 519 657 760
mozart_kv311mv3_v3-2 0 134 263 388 519 649 759
mozart_kv311mv3_v3-3 0 126 247 370 502 638 760
mozart_kv311mv3_v3-4 0 140 255 375 508 639 744
mozart_kv311mv3_v3-5 0 135 256 381 511 640 754
mozart_kv311mv3_v3-6 0 144 271 380 520 642 750
mozart_kv311mv3_v3-7 0 133 260 390 514 642 756
mozart_kv311mv3_v3-8 0 132 253 376 500 630 744
mozart_kv311mv3_v3-9 0 128 252 372 507 640 752
mozart_kv333mv3_v1-0 20 133 248 361 467 570 677
mozart_kv333mv3_v1-1 0 111 216 333 440 553 665
mozart_kv333mv3_v1-2 0 105 227 348 469 580 700
mozart_kv333mv3_v1-3 0 106 228 348 468 582 690
mozart_kv333mv3_v1-4 0 100 205 305 407 513 605 699
mozart_kv333mv3_v1-5 0 98 203 295 395 495 600 720
mozart_kv333mv3_v1-6 0 110 225 336 447 558 680
mozart_kv333mv3_v1-7 0 118 230 341 449 558 675
mozart_kv333mv3_v2-0 24 143 254 365 480 585 708 830
mozart_kv333mv3_v2-1 0 120 246 362 475 579 700 823
mozart_kv333mv3_v2-2 0 130 243 358 475 592 709 829
mozart_kv333mv3_v2-3 0 130 243 360 472 592 707 824
mozart_kv333mv3_v2-4 0 122 242 354 469 585 698 827
mozart_kv333mv3_v2-5 0 133 244 359 472 585 697 824
mozart_kv333mv3_v3-0 0 141 271 391 511 636 743
mozart_kv333mv3_v3-1 0 135 258 387 507 632 757
mozart_kv333mv3_v3-2 0 138 268 389 513 637 751
mozart_kv333mv3_v3-3 0 126 262 394 515 634 740
mozart_kv333mv3_v3-4 0 121 221 332 446 557 660 750
mozart_kv333mv3_v3-5 0 115 218 328 433 542 666 759
mozart_kv333mv3_v3-6 0 126 246 363 494 627 758
mozart_kv333mv3_v3-7 0 135 260 385 507 630 747
mozart_kv333mv3_v4-0 15 125 244 368 476 586 705
mozart_kv333mv3_v4-1 0 115 225 343 456 576 713
mozart_kv333mv3_v4-2 30 163 280 401 520 634 755
mozart_kv333mv3_v4-3 20 150 277 398 511 631 750
mozart_kv333mv3_v4-4 0 122 235 339 445 555 653 775
mozart_kv333mv3_v4-5 0 122 230 334 435 534 642 775
mozart_kv333mv3_v4-6 0 148 268 385 499 617 745
mozart_kv333mv3_v4-7 0 163 282 394 506 622 760
mozart_kv398_v1-0 0 240 350 480 600 700 829
mozart_kv398_v1-1 0 133 253 368 479 594 707 829
mozart_kv398_v1-2 0 127 240 358 481 599 714 831
mozart_kv398_v1-3 0 115 222 350 460 580 685 822
mozart_kv398_v1-4 0 130 243 355 476 593 707 833
mozart_kv398_v1-5 0 110 220 337 450 573 689 823
mozart_kv398_v2-0 0 155 250 350 450 550 640 748
mozart_kv398_v2-1 0 108 221 315 424 529 635 743
mozart_kv398_v2-2 0 112 215 320 425 531 642 741
mozart_kv398_v2-3 0 111 213 320 420 525 640 746
mozart_kv398_v2-4 0 110 220 320 419 525 640 746
mozart_kv398_v2-5 0 110 210 320 420 537 640 743
schubert_op90no1_v1-0 95 185 270 370 467 565 642
schubert_op90no1_v1-1 0 90 183 280 376 485 575 654
schubert_op90no1_v1-2 0 90 185 300 400 490 590 679
schubert_op90no1_v1-3 0 100 190 290 380 475 572 664
schubert_op90no1_v1-4 0 92 185 280 375 470 575 673
schubert_op90no1_v1-5 0 95 180 276 375 470 568 666
schubert_op90no1_v2-0 58 176 291 403 518 633 746
schubert_op90no1_v2-1 0 115 241 363 488 608 716
schubert_op90no1_v2-2 0 127 253 371 489 611 735
schubert_op90no1_v2-3 0 120 254 375 496 620 735
schubert_op90no1_v2-4 0 116 237 361 475 596 721
schubert_op90no1_v2-5 0 111 239 357 484 607 716
schubert_op90no1_v2-6 0 113 237 356 481 606 711
schubert_op90no1_v2-7 0 111 233 357 480 605 722
schubert_op90no1_v2-8 0 113 231 348 470 592 703
schubert_op90no1_v2-9 0 125 250 378 512 626 740
schubert_op90no3_v1-0 20 130 215 315 410 500 600 690
schubert_op90no3_v1-1 0 90 180 280 371 470 575 663
schubert_op90no3_v1-2 0 100 200 300 394 500 590 683
schubert_op90no3_v1-3 0 100 195 300 400 495 595 680
schubert_op90no3_v1-4 0 96 190 295 385 490 580 662
schubert_op90no3_v1-5 0 95 192 287 387 480 575 692
schubert_op90no3_v2-0 18 124 227 335 435 536 636 741
schubert_op90no3_v2-1 0 95 200 300 400 500 610 722
schubert_op90no3_v2-2 0 103 220 320 425 539 637 736
schubert_op90no3_v2-3 0 105 210 315 425 535 640 730
schubert_op90no3_v2-4 0 96 202 310 407 520 621 725
schubert_op90no3_v2-5 0 100 202 304 410 515 615 726
schubert_op94no2_v1-0 562 659
schubert_op94no2_v1-1 0 96 190 290 390 490 580 667
schubert_op94no2_v1-2 0 102 219 332 445 550 653
schubert_op94no2_v1-3 0 94 208 321 438 552 650
schubert_op94no2_v2-0 30 166 275 396 600 698 819
schubert_op94no2_v2-1 0 118 232 349 460 600 781
schubert_op94no2_v2-2 0 106 225 353 599 728
tchaikovsky_season01_v1-0 155 284 416 551 705
tchaikovsky_season01_v1-1 0 130 263 403 542 685
tchaikovsky_season01_v1-2 0 124 255 395 539 693
tchaikovsky_season01_v1-3 0 142 280 410 544 693
tchaikovsky_season01_v1-4 0 148 285 430 562 717
tchaikovsky_season01_v1-5 0 124 260 402 544 699
tchaikovsky_season01_v2-0 0 230 386 545 687
tchaikovsky_season01_v2-1 0 154 331 512 665
tchaikovsky_season01_v2-2 0 121 233 347 462 587 695
tchaikovsky_season01_v2-3 0 111 227 344 465 583 690
tchaikovsky_season01_v2-4 0 121 256 398 535 656
tchaikovsky_season01_v2-5 0 144 285 423 566 702
tchaikovsky_season06_v1-0 170 317 448 582 723
tchaikovsky_season06_v1-1 0 135 273 413 547 705
tchaikovsky_season06_v1-2 0 146 289 432 571 700
tchaikovsky_season06_v1-3 0 144 278 416 553 713
tchaikovsky_season06_v1-4 0 158 288 416 553 690
tchaikovsky_season06_v2-0 130 268 407 555 686
tchaikovsky_season06_v2-1 0 153 293 431 577 701
tchaikovsky_season06_v2-2 0 150 285 424 562 698
tchaikovsky_season06_v2-3 0 169 310 442 575 700
tchaikovsky_season06_v2-4 0 168 298 433 573 701
tchaikovsky_season08_v1-0 165 293 428 570 731
tchaikovsky_season08_v1-1 0 155 288 428 569 724
tchaikovsky_season08_v1-2 0 159 298 432 562 713
tchaikovsky_season08_v1-3 0 142 279 406 535 675
tchaikovsky_season08_v1-4 0 131 266 409 549 714
tchaikovsky_season08_v1-5 0 142 281 420 560 718
tchaikovsky_season08_v1-6 0 147 281 412 563 715
tchaikovsky_season08_v1-7 30 202 357 515 690
tchaikovsky_season08_v2-0 80 192 316 444 572 722
tchaikovsky_season08_v2-1 0 130 246 367 481 592 701
tchaikovsky_season08_v2-2 0 120 253 370 486 597 698
tchaikovsky_season08_v2-3 0 127 245 359 476 596 695
tchaikovsky_season08_v2-4 0 116 228 344 460 575 683
tchaikovsky_season08_v2-5 0 120 234 351 468 584 698
tchaikovsky_season08_v2-6 0 152 295 429 569 695